1.102588992149825808e-01 2.075712822602674645e+00 1.100367092445752176e-01
3.124312753075581539e-01 3.296452729501358814e+00 3.075594704040004457e-01
6.720265778177609839e-01 6.661307046070634286e+00 6.295993155703293320e-01
8.115901589760183832e-01 7.350656167610836178e+00 7.416930870563697153e-01
8.267574402022590530e-01 8.241990367418150498e+00 7.534262224955837750e-01
1.216858739153893643e+00 9.857045795533213806e+00 1.026721255343691297e+00
1.377208883190501165e+00 9.984482859154029555e+00 1.124663196633621798e+00
1.485774680297180517e+00 1.028616131229255970e+01 1.186846437676287058e+00
1.668248252585970981e+00 1.012602196456038151e+01 1.284609098204017474e+00
1.978284784847190281e+00 9.619036367790368303e+00 1.433881744265977920e+00
2.314645574913595016e+00 7.538658945183946969e+00 1.576102530681653846e+00
2.430289692820472247e+00 7.005465385026883318e+00 1.621025561834311901e+00
2.498986487667114176e+00 6.526570409169544007e+00 1.646854671551156279e+00
2.784549561298232057e+00 4.075012236052010905e+00 1.748019601826533043e+00
3.154800581813660187e+00 4.363493478849143625e-01 1.866294270895788143e+00
3.321372782505424226e+00 -9.595030727986024743e-01 1.915453964369418394e+00
3.288548533838992149e+00 -5.504581314582479568e-01 1.905947715888720362e+00
3.444112351865352917e+00 -2.542849703533152983e+00 1.950252542852137116e+00
3.757571727360494496e+00 -5.297904664300205013e+00 2.034173736253577669e+00
4.050708601573739465e+00 -6.941046645530020598e+00 2.106938380086107898e+00
4.049259482796703224e+00 -6.966141021448128079e+00 2.106591004110476728e+00
4.333384941797244316e+00 -8.539134017733157833e+00 2.172551186554204428e+00
4.610480854361320269e+00 -9.932210974541018089e+00 2.233038204631908830e+00
4.651346980031313194e+00 -9.587631736193230836e+00 2.241664069603496401e+00
5.242345976994588597e+00 -8.341199763325128913e+00 2.358891407507236693e+00
5.397408896793773891e+00 -7.727021592832533869e+00 2.387539400742948015e+00
5.476763838687726427e+00 -7.189747903290253817e+00 2.401893992178418813e+00
5.767680787151826749e+00 -4.810714298005755118e+00 2.452849056919558013e+00
5.795208399035296942e+00 -4.409187596591818803e+00 2.457540772571018994e+00
6.109387310588040521e+00 -1.256348826683576503e+00 2.509605354949627110e+00
6.158502757188146326e+00 -5.320932564943228193e-01 2.517508217710099139e+00
6.287462325958818710e+00 9.318864922630735181e-01 2.537969526127350939e+00
6.559094908192776074e+00 3.646816975078217116e+00 2.579760812508855139e+00
6.719923867520581240e+00 4.354800828579978855e+00 2.603714783174806424e+00
6.874747843885907095e+00 5.781507084215618875e+00 2.626250306499391840e+00
7.432406796423173034e+00 9.378850064161721178e+00 2.703492150496743296e+00
7.409407026876982272e+00 9.397343624708597076e+00 2.700420589930771609e+00
7.847137611678117963e+00 1.037580214274823298e+01 2.757331426649654915e+00
7.819093111001021335e+00 1.079819465124606559e+01 2.753779997734775442e+00
8.187381474181899321e+00 1.002733938412437986e+01 2.799450106904996183e+00
8.257342459175340821e+00 9.910205814225198750e+00 2.807896542567029474e+00
8.480742193541194851e+00 8.649853088564260162e+00 2.834403104961425335e+00
8.699817726571438925e+00 7.257822151175314929e+00 2.859736093206782570e+00
9.010524855351242479e+00 4.853782173846142634e+00 2.894605590926004002e+00
9.026569755077488821e+00 4.672421189517555362e+00 2.896373854478155430e+00
9.334479818628473424e+00 1.739244098577127584e+00 2.929719155001152320e+00
9.522900334058526539e+00 -1.055097019440702777e-01 2.949592085841076461e+00
9.743360064598729053e+00 -2.558001752616017033e+00 2.972356306948803706e+00
9.739584272579659086e+00 -2.142262811992615035e+00 2.971970733438580314e+00
1.005088558799738152e+01 -5.838586145590595855e+00 3.003273543102160215e+00
1.048503157514615225e+01 -8.204536186685821519e+00 3.045362191052973344e+00
1.062467054773744124e+01 -9.285301614719177365e+00 3.058533236682260625e+00
1.074091066334974087e+01 -9.551770943371801437e+00 3.069367042176661897e+00
1.097124498613009891e+01 -9.932970735141896768e+00 3.090495457781299304e+00
1.123302179398617717e+01 -9.574504440982428477e+00 3.113980417286541513e+00
1.118223119358919249e+01 -9.788264246021181947e+00 3.109466552540153028e+00
1.132602404663158246e+01 -9.067768928259630101e+00 3.122193478515246312e+00
1.177341640999570771e+01 -6.951650522518415087e+00 3.160790042357581875e+00
1.200208408949466765e+01 -5.094308582455415291e+00 3.179958496988125383e+00
1.206163477739774770e+01 -4.533078851694852140e+00 3.184890917214931783e+00
1.219889177644103917e+01 -2.829434483270854006e+00 3.196168033708235434e+00
1.241098633257510997e+01 -6.903338306491678678e-01 3.213348351546255977e+00
1.279280268102626117e+01 3.176773467682585395e+00 3.243554010634447593e+00
1.289654143511459772e+01 3.296320510067016318e+00 3.251606091844415403e+00
1.327715631954366593e+01 6.662319893349256894e+00 3.280607336906997684e+00
1.346989189508178697e+01 8.605856426476442778e+00 3.294979187440226109e+00
1.372167760624370558e+01 9.731275689961039532e+00 3.313449211532621508e+00
1.376553136854263393e+01 1.025980978516878039e+01 3.316631649808762461e+00
1.411577680038597649e+01 1.016612796920612993e+01 3.341692592372762505e+00
1.398184120626488181e+01 1.075791383384509814e+01 3.332182990900731667e+00
1.451331013064446829e+01 1.021988352599799299e+01 3.369398122180264021e+00
1.444704360166590540e+01 1.020009259124227263e+01 3.364832626538404092e+00
1.461926199463966469e+01 9.285827547486631417e+00 3.376654846706078850e+00
1.513251295712628419e+01 6.252539963650614929e+00 3.411082738754436239e+00
1.508602267940885433e+01 6.297339915834847091e+00 3.408012515569918133e+00
1.523810130878948677e+01 5.078667063723398378e+00 3.418021061673521821e+00
1.552295745048379949e+01 2.731981532271242408e+00 3.436503130712075471e+00
1.584712369315393410e+01 -1.295891922282885300e+00 3.457129205785132164e+00
1.601944032302750998e+01 -2.448653299596011301e+00 3.467922958674864553e+00
1.619378244813611900e+01 -3.837939059087886573e+00 3.478726519577641785e+00
1.636488088168333732e+01 -5.777586737419311724e+00 3.489217005189438225e+00
1.639685827161595100e+01 -5.572850410911460273e+00 3.491165496419124548e+00
1.664396133172936132e+01 -7.159743447780757997e+00 3.506095886419021479e+00
1.706748239223988151e+01 -8.906887354070033069e+00 3.531179341335573874e+00
1.706521489590306473e+01 -9.155004910845766730e+00 3.531046705244419215e+00
1.738777363929380471e+01 -9.473227862107735930e+00 3.549740349839917375e+00
1.746397940107954483e+01 -9.481712653644271072e+00 3.554106311732398993e+00
1.772431011910278187e+01 -8.120522707222301406e+00 3.568879177837601890e+00
1.781253365455183868e+01 -7.781677223910282493e+00 3.573836530109635756e+00
1.814679371805437924e+01 -5.744342452819858558e+00 3.592399379993332253e+00
1.839649854849168165e+01 -3.562084372531165499e+00 3.606045416275312832e+00
1.839167832562177551e+01 -4.241395992634476642e+00 3.605783749850485886e+00
1.882967854294395238e+01 2.036313413068571720e-01 3.629285812604544859e+00
1.908462775633172370e+01 3.092577578467164301e+00 3.642716049071394124e+00
1.921289308322233680e+01 4.372738391580702988e+00 3.649405320513898321e+00
1.923116824093726862e+01 3.962404289016475900e+00 3.650354776843661497e+00
1.949511755351948139e+01 6.989819529807865806e+00 3.663968376373428537e+00
1.975110131004065650e+01 8.316435220186871646e+00 3.676996669182080790e+00
2.016698713659980768e+01 1.042145289624526683e+01 3.697808274449373656e+00
2.032781839558625592e+01 1.072846480732075136e+01 3.705741948825858945e+00
